form_dat_XVar=3
form_dat_YVar=4
form_dat_Z4=-1.000000
form_dat_Z5=1.000000
form_dat_Z7=0.000000
form_dat_cosba=0.000000
form_dat_filterfield1=1
form_dat_filterfield2=2
form_dat_filterfield3=5
form_dat_filterfield4=6
form_dat_filterfield5=7
form_dat_filterval1=125.000000
form_dat_filterval2=300.000000
form_dat_filterval3=-1.000000
form_dat_filterval4=1.000000
form_dat_filterval5=0.000000
form_dat_job_tag=Hybrid_job_low_mA_sweep_mH
form_dat_l6=0.000000e+00
form_dat_l7=0.000000e+00
form_dat_m12_2=1.580000e+04
form_dat_mH=300.000000
form_dat_mh=125.000000
form_dat_out_tag=output_form_dat_mH_300.000000
form_dat_tanb=0.000000
